Амонтов               5	31	76	1	1	1    
Беспалов             82	90	56	0	0	0   
Большакова           13	93	11	1	1	1   
Васильев             37	14	56	0	1	1   
Васильев             11	5	50	0	0	1    
Гармашов             94	94	93	0	1	1   
Долгов               66	95	89	0	1	0   
Долгошеин            83	30	87	1	0	1   
Задирака             99	90	33	1	1	1   
Захаров              59	17	8	0	1	0    
Зиганшин             87	63	55	0	0	1   
Исмаилов             29	76	32	1	0	1   
Казанцева            23	57	63	1	1	1   
Кищук                27	82	47	1	1	0   
Крашенинников        40	59	59	1	0	0   
Лужин                60	70	33	0	0	0   
Овчинникова          80	62	61	1	0	0   
Панов                86	74	60	1	1	0   
Прибылов             0	14	15	0	1	1    
Романов              44	92	65	1	1	1   
Савалина             11	22	11	0	0	1   
Солодилов            26	10	12	0	1	0   
Стежков              71	27	99	1	1	1   
Трембач              79	71	92	1	0	0   
Федотовских          38	35	58	1	1	0   
Ханьжин               6	78	3	0	1	1     
Чуриков              50	19	13	1	0	1